62 1 0.94949424 0.51442277 0.09186508 0.41915822 0.30
66 1 0.13668677 0.75057501 0.27155775 0.27406552 0.62
0 1 0.50225681 0.65103376 0.36783627 0.65514785 0.50
62 0 0.02286613 0.47439083 0.27725810 0.35258189 0.52
62 0 0.22771335 0.47313330 0.16355735 0.22135410 0.32
0 0 0.61504501 0.64699858 0.19506700 0.43731532 0.41
0 0 0.62286991 0.63441044 0.28557289 0.74930817 0.25
0 0 0.39182472 0.64049226 0.17075114 0.37847522 0.54
0 0 0.45713878 0.62787735 0.09037080 0.49291942 0.25
66 0 0.09790778 0.79695302 0.31237173 0.22386159 0.45
