0 0.02858727 0.02017020 0.04482213 0.03889870 -36893488147419103232.00
0 0.04728026 0.04256582 0.15496767 0.12740687 -36893488147419103232.00
0 0.04643785 0.04092908 0.20495200 0.52135408 -36893488147419103232.00
0 0.04180055 0.04338649 0.88985592 0.16421287 -36893488147419103232.00
0 0.03888634 0.03648878 1.08180535 0.88224828 -36893488147419103232.00
0 0.11082891 0.01755309 0.11061023 0.02756316 -36893488147419103232.00
0 0.11415575 0.05397594 0.24132243 0.09258467 -36893488147419103232.00
0 0.11915506 0.04479079 0.27322549 0.53870690 -36893488147419103232.00
0 0.12231188 0.04512552 0.83517653 0.13838306 -36893488147419103232.00
0 0.12065388 0.03415360 0.99563068 0.88413596 -36893488147419103232.00
0 0.19264702 0.01811940 0.10721646 0.03095650 -36893488147419103232.00
0 0.18912272 0.04448894 0.29664564 0.08526833 -36893488147419103232.00
0 0.19116285 0.04336702 0.32825494 0.47617653 -36893488147419103232.00
0 0.19856957 0.04290345 0.80909294 0.14071012 -36893488147419103232.00
0 0.19435392 0.03516319 0.97272420 0.86793584 -36893488147419103232.00
0 0.27311203 0.02195085 0.09593516 0.02569363 -36893488147419103232.00
0 0.27624911 0.04840570 0.34489930 0.09233944 -36893488147419103232.00
0 0.27001521 0.04610327 0.38577795 0.41516635 -36893488147419103232.00
0 0.27046096 0.04966407 0.75449473 0.15332116 -36893488147419103232.00
0 0.26879254 0.03841143 1.00201201 0.84956706 -36893488147419103232.00
0 0.34999698 0.02338998 0.08292480 0.03012710 -36893488147419103232.00
0 0.35044396 0.05017908 0.35856178 0.08419222 -36893488147419103232.00
0 0.34549978 0.04416869 0.40662608 0.40242103 -36893488147419103232.00
0 0.34644055 0.04983420 0.77684569 0.16688769 -36893488147419103232.00
0 0.34837049 0.03654015 1.02967262 0.80463612 -36893488147419103232.00
0 0.42504698 0.02242215 0.07672812 0.02735342 -36893488147419103232.00
0 0.42080125 0.04311870 0.36208642 0.08589213 -36893488147419103232.00
0 0.42209926 0.04440055 0.39650398 0.39948669 -36893488147419103232.00
0 0.42410919 0.05018327 0.91984576 0.17354701 -36893488147419103232.00
0 0.42594108 0.03909931 1.12280536 0.80316758 -36893488147419103232.00
0 0.50349176 0.02370885 0.07383124 0.02569962 -36893488147419103232.00
0 0.50178230 0.04461030 0.37479040 0.08424978 -36893488147419103232.00
0 0.49969950 0.04849171 0.40497759 0.40104485 -36893488147419103232.00
0 0.49630815 0.05332438 0.90260726 0.17594516 -36893488147419103232.00
0 0.49746999 0.04022197 1.08869517 0.79750252 -36893488147419103232.00
0 0.58318627 0.02610193 0.07429036 0.02882091 -36893488147419103232.00
0 0.58224785 0.05165451 0.34353679 0.08783685 -36893488147419103232.00
0 0.57626772 0.04999531 0.38892749 0.40276852 -36893488147419103232.00
0 0.57672226 0.05524478 0.83708662 0.18096347 -36893488147419103232.00
0 0.57445145 0.04135535 1.07670915 0.81526995 -36893488147419103232.00
0 0.65748680 0.01832497 0.06668074 0.03241716 -36893488147419103232.00
0 0.65463758 0.04094630 0.31474212 0.08540080 -36893488147419103232.00
0 0.65570432 0.04869210 0.40423796 0.38907954 -36893488147419103232.00
0 0.65414566 0.05316463 0.83290613 0.16599469 -36893488147419103232.00
0 0.65118134 0.04244520 1.10433745 0.79142165 -36893488147419103232.00
0 0.73227352 0.01857196 0.07216090 0.03244406 -36893488147419103232.00
0 0.73026299 0.04442758 0.29494560 0.08179060 -36893488147419103232.00
0 0.72576505 0.05043045 0.38534304 0.39092386 -36893488147419103232.00
0 0.72673309 0.05476561 0.83420056 0.16218574 -36893488147419103232.00
0 0.72546726 0.04162939 1.10356140 0.79336262 -36893488147419103232.00
0 0.80837518 0.01689219 0.08717167 0.02732195 -36893488147419103232.00
0 0.81107336 0.04646759 0.29092467 0.08372957 -36893488147419103232.00
0 0.80592787 0.04893493 0.35647184 0.40273640 -36893488147419103232.00
0 0.80143434 0.05156268 0.85756820 0.16920786 -36893488147419103232.00
0 0.80378157 0.03834645 1.09104264 0.77961677 -36893488147419103232.00
0 0.88496041 0.01994001 0.07973520 0.02356070 -36893488147419103232.00
0 0.87750989 0.04872508 0.25611290 0.08504986 -36893488147419103232.00
0 0.87911326 0.04960544 0.30813998 0.41882861 -36893488147419103232.00
0 0.88146251 0.04789389 0.95086372 0.14731500 -36893488147419103232.00
0 0.88205445 0.03473449 1.19098520 0.82240468 -36893488147419103232.00
0 0.96995908 0.02343252 0.04222156 0.03476433 -36893488147419103232.00
0 0.95188010 0.04414772 0.15814760 0.12305399 -36893488147419103232.00
0 0.95198637 0.04722589 0.23651488 0.46845457 -36893488147419103232.00
0 0.95717722 0.04742290 0.91551220 0.18569811 -36893488147419103232.00
0 0.95496172 0.04049275 1.10407090 0.82268304 -36893488147419103232.00
0 0.02563268 0.13193947 0.02709728 0.07531131 -36893488147419103232.00
0 0.05247673 0.11450048 0.11528629 0.23179226 -36893488147419103232.00
0 0.05560244 0.11946864 0.19812231 0.53102195 -36893488147419103232.00
0 0.04533305 0.12652546 0.78287470 0.28210422 -36893488147419103232.00
0 0.03904837 0.11418331 0.95574188 0.81504428 -36893488147419103232.00
0 0.13866960 0.12771493 0.04883680 0.02536502 -36893488147419103232.00
0 0.11700127 0.12240124 0.22270115 0.18356474 -36893488147419103232.00
0 0.12711740 0.13334675 0.32268071 0.41322926 -36893488147419103232.00
0 0.11910266 0.12541978 0.70331758 0.27543420 -36893488147419103232.00
0 0.12137970 0.11513371 0.86759907 0.81840146 -36893488147419103232.00
0 0.16652802 0.13504806 0.04933672 0.03202870 -36893488147419103232.00
0 0.18051647 0.12619214 0.19223745 0.16955039 -36893488147419103232.00
0 0.18941253 0.13088778 0.38775963 0.38800967 -36893488147419103232.00
0 0.19998765 0.12345868 0.64313084 0.28968164 -36893488147419103232.00
0 0.19548717 0.11881913 0.84823322 0.76422668 -36893488147419103232.00
0 0.26756617 0.13062318 0.04102225 0.02950140 -36893488147419103232.00
0 0.27102658 0.12128240 0.27032325 0.16907176 -36893488147419103232.00
0 0.26522875 0.12436488 0.45708409 0.38111669 -36893488147419103232.00
0 0.26134396 0.12301387 0.65288848 0.26502290 -36893488147419103232.00
0 0.26323542 0.12012713 0.89961761 0.76881653 -36893488147419103232.00
0 0.36068878 0.14259055 0.05907195 0.03449680 -36893488147419103232.00
0 0.35604110 0.13073225 0.18755819 0.14030695 -36893488147419103232.00
0 0.34445041 0.12297246 0.45116654 0.35802582 -36893488147419103232.00
0 0.34348303 0.11813159 0.72225755 0.30067602 -36893488147419103232.00
0 0.34817484 0.12328866 0.91509372 0.71739095 -36893488147419103232.00
0 0.41410890 0.13142155 0.04071169 0.03526393 -36893488147419103232.00
0 0.41645521 0.12870581 0.25184032 0.15367365 -36893488147419103232.00
0 0.42043898 0.11882980 0.43056905 0.34721339 -36893488147419103232.00
0 0.42286211 0.12264719 0.83540708 0.30668849 -36893488147419103232.00
0 0.42308652 0.12416821 1.07167435 0.69294488 -36893488147419103232.00
0 0.50377828 0.13653523 0.03973032 0.03684610 -36893488147419103232.00
0 0.49968344 0.12540802 0.24512814 0.14393112 -36893488147419103232.00
0 0.49756107 0.11646204 0.45958474 0.35273901 -36893488147419103232.00
0 0.49232635 0.11802720 0.81289142 0.29385453 -36893488147419103232.00
0 0.49180880 0.12124577 1.07111669 0.67269188 -36893488147419103232.00
0 0.58691895 0.13303256 0.04136380 0.04314716 -36893488147419103232.00
0 0.58520573 0.12401519 0.20681825 0.15528992 -36893488147419103232.00
0 0.57597113 0.11926541 0.43776906 0.34798071 -36893488147419103232.00
0 0.56695205 0.11964191 0.80656141 0.33679622 -36893488147419103232.00
0 0.56393504 0.12145516 1.03247237 0.67588276 -36893488147419103232.00
0 0.65665615 0.14624600 0.05143228 0.04740830 -36893488147419103232.00
0 0.65501875 0.13622798 0.16739833 0.13350931 -36893488147419103232.00
0 0.65858996 0.12442525 0.44933861 0.32899448 -36893488147419103232.00
0 0.65558785 0.12043379 0.77794516 0.31688693 -36893488147419103232.00
0 0.64936566 0.12062992 1.02298629 0.65849048 -36893488147419103232.00
0 0.72829628 0.12183788 0.03512491 0.04175169 -36893488147419103232.00
0 0.71849054 0.12055344 0.24072506 0.14042078 -36893488147419103232.00
0 0.72414893 0.12470693 0.43542913 0.32919842 -36893488147419103232.00
0 0.72583508 0.12520918 0.74653935 0.28935510 -36893488147419103232.00
0 0.72023320 0.12231474 1.03920209 0.67482120 -36893488147419103232.00
0 0.81209081 0.12040632 0.04164076 0.06061246 -36893488147419103232.00
0 0.82168144 0.11818939 0.18489686 0.18814522 -36893488147419103232.00
0 0.80665535 0.13044056 0.41670176 0.34079334 -36893488147419103232.00
0 0.79743046 0.12627234 0.74891335 0.32038113 -36893488147419103232.00
0 0.79580623 0.12511995 1.02808392 0.66859430 -36893488147419103232.00
0 0.88652253 0.11567602 0.03563448 0.04516200 -36893488147419103232.00
0 0.87865305 0.12155569 0.22470853 0.19676025 -36893488147419103232.00
0 0.87596202 0.13371155 0.31497076 0.33893800 -36893488147419103232.00
0 0.87436068 0.12769644 0.76130843 0.29120842 -36893488147419103232.00
0 0.87155336 0.12255591 1.05411494 0.71367961 -36893488147419103232.00
0 0.97216851 0.13004555 0.02379639 0.05889166 -36893488147419103232.00
0 0.94905800 0.11249517 0.11734913 0.22768839 -36893488147419103232.00
0 0.94820774 0.12281831 0.21824010 0.43644178 -36893488147419103232.00
0 0.95458204 0.12345213 0.83434963 0.31768891 -36893488147419103232.00
0 0.95031226 0.12022428 1.02600372 0.73007977 -36893488147419103232.00
0 0.02747679 0.20190483 0.02513188 0.08623607 -36893488147419103232.00
0 0.03682136 0.20674482 0.07593890 0.22599027 -36893488147419103232.00
0 0.05714867 0.18863088 0.19696072 0.54861516 -36893488147419103232.00
0 0.04382141 0.20349602 0.75338858 0.36601549 -36893488147419103232.00
0 0.03845534 0.19694267 0.95966423 0.80718726 -36893488147419103232.00
0 0.11950780 0.20762807 0.03212667 0.03976414 -36893488147419103232.00
0 0.12340810 0.19243452 0.18618624 0.23522758 -36893488147419103232.00
0 0.13571028 0.19558324 0.28670022 0.45815778 -36893488147419103232.00
0 0.12818547 0.20142621 0.72335261 0.35157838 -36893488147419103232.00
0 0.12751457 0.19403353 0.89102435 0.70985222 -36893488147419103232.00
0 0.18825053 0.19105986 0.03301613 0.03410299 -36893488147419103232.00
0 0.19205624 0.19957982 0.18265612 0.18923424 -36893488147419103232.00
0 0.18764462 0.19400659 0.41665339 0.44232717 -36893488147419103232.00
0 0.20227788 0.19980499 0.59481889 0.33766329 -36893488147419103232.00
0 0.19733368 0.19453277 0.78210461 0.67629224 -36893488147419103232.00
0 0.28355050 0.20859598 0.02216922 0.02800425 -36893488147419103232.00
0 0.27489620 0.20541383 0.16681343 0.18233912 -36893488147419103232.00
0 0.26558322 0.19674180 0.49510628 0.41940048 -36893488147419103232.00
0 0.26870480 0.20181540 0.58684552 0.35929433 -36893488147419103232.00
0 0.27524716 0.19786721 0.73421818 0.68192309 -36893488147419103232.00
0 0.35493287 0.18596429 0.04049209 0.02863096 -36893488147419103232.00
0 0.35253197 0.20135804 0.17285463 0.14313972 -36893488147419103232.00
0 0.34241799 0.19311030 0.47838202 0.40621957 -36893488147419103232.00
0 0.34343663 0.20100571 0.64596426 0.29098248 -36893488147419103232.00
0 0.35446978 0.19752784 0.81093735 0.71115500 -36893488147419103232.00
0 0.42968208 0.21469100 0.03628763 0.01973842 -36893488147419103232.00
0 0.41599774 0.20465694 0.28303769 0.10926740 -36893488147419103232.00
0 0.41936824 0.19323243 0.43932974 0.38784906 -36893488147419103232.00
0 0.42643222 0.20273720 0.77914375 0.29346642 -36893488147419103232.00
0 0.43190166 0.19896705 0.96398252 0.72110939 -36893488147419103232.00
0 0.51349628 0.20493369 0.03326505 0.02133563 -36893488147419103232.00
0 0.50583053 0.20313865 0.22154869 0.09398787 -36893488147419103232.00
0 0.49849316 0.19308773 0.46250850 0.38270652 -36893488147419103232.00
0 0.49401185 0.19938546 0.75652659 0.27900437 -36893488147419103232.00
0 0.49714887 0.19835523 0.97294015 0.70909756 -36893488147419103232.00
0 0.57139337 0.19284950 0.02775632 0.02912146 -36893488147419103232.00
0 0.57985109 0.20330448 0.17050047 0.13494204 -36893488147419103232.00
0 0.57243252 0.19126076 0.43972665 0.35412666 -36893488147419103232.00
0 0.56482106 0.19987126 0.76592451 0.27830988 -36893488147419103232.00
0 0.56382698 0.19805180 0.98129666 0.69894952 -36893488147419103232.00
0 0.63730556 0.16962318 0.05034610 0.04226145 -36893488147419103232.00
0 0.64792657 0.20319514 0.15137193 0.15795246 -36893488147419103232.00
0 0.64691800 0.19472837 0.40083021 0.31603146 -36893488147419103232.00
0 0.64732456 0.19667669 0.72161371 0.27280033 -36893488147419103232.00
0 0.64637470 0.19615597 0.95584351 0.71673870 -36893488147419103232.00
0 0.73074102 0.20493330 0.04934676 0.02715139 -36893488147419103232.00
0 0.71757102 0.21393652 0.20312937 0.14391167 -36893488147419103232.00
0 0.71888626 0.19451931 0.40051559 0.36559144 -36893488147419103232.00
0 0.72520065 0.19783516 0.70793247 0.30891180 -36893488147419103232.00
0 0.72495055 0.19867338 0.95903736 0.70527089 -36893488147419103232.00
0 0.80878365 0.21897981 0.02143551 0.02369964 -36893488147419103232.00
0 0.80460650 0.20616525 0.21382432 0.19369055 -36893488147419103232.00
0 0.80706716 0.19180727 0.43232033 0.39321980 -36893488147419103232.00
0 0.79538494 0.19206205 0.69019890 0.32277817 -36893488147419103232.00
0 0.79757237 0.20406672 0.87284648 0.67052156 -36893488147419103232.00
0 0.88127476 0.21041524 0.02675907 0.02837810 -36893488147419103232.00
0 0.88900179 0.19787586 0.18540868 0.19276185 -36893488147419103232.00
0 0.87997389 0.19020104 0.29588330 0.37792411 -36893488147419103232.00
0 0.87928039 0.19490184 0.88653249 0.30819306 -36893488147419103232.00
0 0.87544870 0.19957545 1.06034482 0.69843626 -36893488147419103232.00
0 0.96814615 0.20373066 0.02806034 0.06113423 -36893488147419103232.00
0 0.95902520 0.20887171 0.08081818 0.19272903 -36893488147419103232.00
0 0.94991869 0.18442118 0.20810641 0.45359954 -36893488147419103232.00
0 0.95393527 0.19380988 0.85181457 0.30884114 -36893488147419103232.00
0 0.95200199 0.19710262 1.07156813 0.81010509 -36893488147419103232.00
0 0.03337329 0.27308401 0.02447306 0.09564599 -36893488147419103232.00
0 0.03781363 0.27564380 0.08910428 0.24474275 -36893488147419103232.00
0 0.06483942 0.27735484 0.19003268 0.46961692 -36893488147419103232.00
0 0.04758750 0.28492081 0.76397932 0.32014170 -36893488147419103232.00
0 0.04229508 0.27588060 0.96272826 0.75264519 -36893488147419103232.00
0 0.10471685 0.27223572 0.03101427 0.05031237 -36893488147419103232.00
0 0.12939107 0.29289380 0.20113288 0.23811217 -36893488147419103232.00
0 0.14028253 0.28875142 0.30528194 0.41547436 -36893488147419103232.00
0 0.12916370 0.29475361 0.61426824 0.32166219 -36893488147419103232.00
0 0.12194740 0.28229177 0.86932373 0.72813684 -36893488147419103232.00
0 0.20583446 0.28091985 0.02461101 0.03852816 -36893488147419103232.00
0 0.18609920 0.28248248 0.19781017 0.17564575 -36893488147419103232.00
0 0.18047510 0.28356382 0.39940256 0.40700603 -36893488147419103232.00
0 0.20091678 0.29205695 0.60067332 0.31655824 -36893488147419103232.00
0 0.19392227 0.28199160 0.79690140 0.65708292 -36893488147419103232.00
0 0.28535143 0.25973985 0.03002876 0.03873823 -36893488147419103232.00
0 0.27345556 0.27734026 0.19638714 0.12964931 -36893488147419103232.00
0 0.26347065 0.28376943 0.43941367 0.39988735 -36893488147419103232.00
0 0.27756244 0.29195189 0.61821407 0.26682001 -36893488147419103232.00
0 0.27800423 0.27733573 0.78345716 0.69418454 -36893488147419103232.00
0 0.33958367 0.27007645 0.03018573 0.03360156 -36893488147419103232.00
0 0.35294080 0.27584904 0.23450762 0.09892114 -36893488147419103232.00
0 0.34819868 0.27594191 0.45708519 0.40265882 -36893488147419103232.00
0 0.35646522 0.28731343 0.64466143 0.22532594 -36893488147419103232.00
0 0.35678333 0.27228341 0.80419517 0.70858163 -36893488147419103232.00
0 0.41608322 0.26577124 0.02849372 0.03345849 -36893488147419103232.00
0 0.41303727 0.27904224 0.32278129 0.08607481 -36893488147419103232.00
0 0.42104456 0.27356023 0.44992426 0.35214049 -36893488147419103232.00
0 0.42632619 0.28525722 0.68922102 0.19095062 -36893488147419103232.00
0 0.43008760 0.26821917 0.89355153 0.66979837 -36893488147419103232.00
0 0.50107020 0.27398291 0.02866567 0.03253484 -36893488147419103232.00
0 0.50157338 0.28431097 0.28512517 0.08802133 -36893488147419103232.00
0 0.49558061 0.28305775 0.44909012 0.35873052 -36893488147419103232.00
0 0.49493378 0.28913632 0.77932781 0.18141969 -36893488147419103232.00
0 0.49796176 0.27030367 1.01903033 0.68179756 -36893488147419103232.00
0 0.57374257 0.28596789 0.02844255 0.03493379 -36893488147419103232.00
0 0.57950097 0.28705600 0.23919144 0.09337020 -36893488147419103232.00
0 0.56871796 0.28307986 0.41240999 0.36857429 -36893488147419103232.00
0 0.56312972 0.29131103 0.80553329 0.19678773 -36893488147419103232.00
0 0.56349689 0.27499121 1.05929780 0.70015645 -36893488147419103232.00
0 0.63937533 0.29434228 0.03815469 0.03204867 -36893488147419103232.00
0 0.65066862 0.28888842 0.19294529 0.10475369 -36893488147419103232.00
0 0.64605200 0.28207406 0.40819737 0.31694376 -36893488147419103232.00
0 0.64340401 0.28875771 0.79877532 0.19702692 -36893488147419103232.00
0 0.64213878 0.27595037 0.95822799 0.69193310 -36893488147419103232.00
0 0.72164875 0.29624340 0.04993325 0.04402729 -36893488147419103232.00
0 0.72827065 0.28885227 0.16371973 0.13059570 -36893488147419103232.00
0 0.72804779 0.28406748 0.40054309 0.35073233 -36893488147419103232.00
0 0.72624314 0.28804436 0.69590157 0.23273407 -36893488147419103232.00
0 0.72419846 0.27595368 0.86114621 0.72276807 -36893488147419103232.00
0 0.81145775 0.29170355 0.05242797 0.07001118 -36893488147419103232.00
0 0.82069480 0.30019197 0.12603419 0.16039181 -36893488147419103232.00
0 0.80659717 0.29105517 0.41450620 0.39475042 -36893488147419103232.00
0 0.79259968 0.29082257 0.67882049 0.26240650 -36893488147419103232.00
0 0.79336947 0.28322998 0.90684974 0.70407420 -36893488147419103232.00
0 0.87035775 0.28774953 0.04149014 0.04587761 -36893488147419103232.00
0 0.88004327 0.29970881 0.18596162 0.20786147 -36893488147419103232.00
0 0.87068743 0.29539225 0.28643551 0.38807020 -36893488147419103232.00
0 0.87342864 0.29639778 0.71190757 0.28376582 -36893488147419103232.00
0 0.87347788 0.28697759 0.96990407 0.73085010 -36893488147419103232.00
0 0.97206032 0.27846536 0.02487773 0.09218156 -36893488147419103232.00
0 0.95594573 0.28128144 0.09703663 0.22936554 -36893488147419103232.00
0 0.94176584 0.28649345 0.19707179 0.44790676 -36893488147419103232.00
0 0.94998473 0.28888631 0.74113727 0.29382014 -36893488147419103232.00
0 0.94947511 0.27834925 0.93496537 0.84446526 -36893488147419103232.00
0 0.04351380 0.34321296 0.03582845 0.08494880 -36893488147419103232.00
0 0.06143003 0.33377463 0.12342020 0.21152118 -36893488147419103232.00
0 0.06541319 0.33107170 0.18552299 0.42300984 -36893488147419103232.00
0 0.04977870 0.33762768 0.80922931 0.26018897 -36893488147419103232.00
0 0.04727007 0.34438530 1.03597486 0.75882602 -36893488147419103232.00
0 0.12089184 0.33873358 0.04709023 0.04416449 -36893488147419103232.00
0 0.12712093 0.32872969 0.24445419 0.21199201 -36893488147419103232.00
0 0.13938005 0.32202509 0.30248508 0.35819981 -36893488147419103232.00
0 0.12835994 0.32881999 0.63136148 0.27451724 -36893488147419103232.00
0 0.12274542 0.34854260 0.97022992 0.76963532 -36893488147419103232.00
0 0.17998284 0.33528781 0.06591325 0.05756742 -36893488147419103232.00
0 0.17287813 0.34240577 0.20606758 0.15156347 -36893488147419103232.00
0 0.18359399 0.32693988 0.41059676 0.34798273 -36893488147419103232.00
0 0.20413032 0.33326373 0.50231183 0.28895709 -36893488147419103232.00
0 0.20205170 0.35296988 0.83522296 0.69662803 -36893488147419103232.00
0 0.27707481 0.32081819 0.04447550 0.05883279 -36893488147419103232.00
0 0.26656747 0.34724867 0.22126897 0.18161273 -36893488147419103232.00
0 0.25905529 0.33989573 0.42940378 0.35446972 -36893488147419103232.00
0 0.27214494 0.34271741 0.56645167 0.27561441 -36893488147419103232.00
0 0.27346924 0.35713401 0.79476011 0.64566112 -36893488147419103232.00
0 0.34730446 0.32912901 0.05301867 0.03732030 -36893488147419103232.00
0 0.35113284 0.34814656 0.20258929 0.14340334 -36893488147419103232.00
0 0.35828796 0.33944479 0.43425706 0.31807679 -36893488147419103232.00
0 0.36106873 0.34207511 0.68208778 0.25419098 -36893488147419103232.00
0 0.36159271 0.35358202 0.85662013 0.64338183 -36893488147419103232.00
0 0.43740395 0.34969303 0.07901260 0.06076890 -36893488147419103232.00
0 0.42464739 0.35029390 0.17240368 0.11399072 -36893488147419103232.00
0 0.42900363 0.34538072 0.43966466 0.29953766 -36893488147419103232.00
0 0.43049586 0.34664232 0.73489147 0.22422919 -36893488147419103232.00
0 0.43637043 0.35393453 1.04616547 0.64806503 -36893488147419103232.00
0 0.50667113 0.33329391 0.04032504 0.03426018 -36893488147419103232.00
0 0.50120604 0.34619787 0.28905344 0.10092242 -36893488147419103232.00
0 0.50080192 0.34523264 0.45659891 0.29932567 -36893488147419103232.00
0 0.50017279 0.34931898 0.79629397 0.20951620 -36893488147419103232.00
0 0.49959350 0.34926394 1.06529367 0.63947028 -36893488147419103232.00
0 0.57577556 0.32312617 0.04524331 0.03936513 -36893488147419103232.00
0 0.58286422 0.35326719 0.29179299 0.10326818 -36893488147419103232.00
0 0.57753479 0.35409889 0.43030855 0.30839986 -36893488147419103232.00
0 0.56672370 0.35399181 0.73508215 0.21022232 -36893488147419103232.00
0 0.56543660 0.35245100 1.01481140 0.65239453 -36893488147419103232.00
0 0.64127046 0.32934460 0.07311163 0.04614418 -36893488147419103232.00
0 0.65397692 0.34504214 0.18620746 0.09662079 -36893488147419103232.00
0 0.65442383 0.35069704 0.39491287 0.32147953 -36893488147419103232.00
0 0.64845341 0.35224670 0.70606589 0.20830429 -36893488147419103232.00
0 0.64279050 0.35157928 0.92895770 0.65322608 -36893488147419103232.00
0 0.71490723 0.33080652 0.06123748 0.04932773 -36893488147419103232.00
0 0.73068446 0.34480014 0.18778414 0.12932162 -36893488147419103232.00
0 0.73851109 0.35003927 0.40893242 0.33958119 -36893488147419103232.00
0 0.72873300 0.34742892 0.64147121 0.28034309 -36893488147419103232.00
0 0.72779900 0.34949160 0.82776380 0.66303605 -36893488147419103232.00
0 0.81545526 0.33069685 0.06137862 0.07410850 -36893488147419103232.00
0 0.82350218 0.33759162 0.16665033 0.19243309 -36893488147419103232.00
0 0.81486189 0.33581606 0.37880719 0.35877427 -36893488147419103232.00
0 0.79537070 0.33599573 0.57899755 0.31735688 -36893488147419103232.00
0 0.79749215 0.34441581 0.88994652 0.69470274 -36893488147419103232.00
0 0.88034558 0.34194008 0.04203450 0.04171192 -36893488147419103232.00
0 0.87181497 0.33285624 0.23602629 0.26124066 -36893488147419103232.00
0 0.86488211 0.33279955 0.27342051 0.33807746 -36893488147419103232.00
0 0.87126178 0.33526134 0.62553132 0.31009012 -36893488147419103232.00
0 0.87504375 0.34695345 0.93131262 0.76308501 -36893488147419103232.00
0 0.97285306 0.34154809 0.02438248 0.09473460 -36893488147419103232.00
0 0.94485301 0.32805219 0.11793942 0.24714589 -36893488147419103232.00
0 0.93802840 0.33427379 0.18310709 0.44125062 -36893488147419103232.00
0 0.95591033 0.33994102 0.73353684 0.30501941 -36893488147419103232.00
0 0.95586944 0.34789100 0.94062155 0.78224999 -36893488147419103232.00
0 0.04096058 0.40947092 0.04350162 0.08269747 -36893488147419103232.00
0 0.05005969 0.41098115 0.09943199 0.18692356 -36893488147419103232.00
0 0.05769177 0.42837581 0.17307071 0.50084960 -36893488147419103232.00
0 0.04665159 0.42754605 0.94809133 0.25934112 -36893488147419103232.00
0 0.04343813 0.42757407 1.07804072 0.81590915 -36893488147419103232.00
0 0.12264769 0.42025602 0.07758605 0.03997661 -36893488147419103232.00
0 0.13272345 0.42811567 0.22130468 0.14319851 -36893488147419103232.00
0 0.14206463 0.41366792 0.27494103 0.51327682 -36893488147419103232.00
0 0.13141873 0.41901121 0.80524468 0.25735465 -36893488147419103232.00
0 0.12643459 0.42632487 0.88668972 0.82533395 -36893488147419103232.00
0 0.16964130 0.41944644 0.08259561 0.04963694 -36893488147419103232.00
0 0.17919984 0.42731440 0.23747976 0.14743990 -36893488147419103232.00
0 0.19491640 0.41347179 0.45670483 0.47362801 -36893488147419103232.00
0 0.20705040 0.41434073 0.59824741 0.26756078 -36893488147419103232.00
0 0.20669247 0.42851251 0.69279563 0.75276542 -36893488147419103232.00
0 0.26605135 0.43478894 0.07792255 0.02835049 -36893488147419103232.00
0 0.26074070 0.41919887 0.40237889 0.15290661 -36893488147419103232.00
0 0.25970000 0.41078746 0.45206824 0.35476521 -36893488147419103232.00
0 0.27467683 0.41383085 0.65140647 0.24662773 -36893488147419103232.00
0 0.27871695 0.42853114 0.78222495 0.72182959 -36893488147419103232.00
0 0.36878169 0.42162964 0.05263662 0.04655823 -36893488147419103232.00
0 0.35657135 0.41380906 0.22129102 0.11134060 -36893488147419103232.00
0 0.35830632 0.40881327 0.49406132 0.36526689 -36893488147419103232.00
0 0.36074552 0.41299373 0.76833707 0.23805401 -36893488147419103232.00
0 0.36220151 0.42818940 0.84247035 0.66895813 -36893488147419103232.00
0 0.42727390 0.40458369 0.06851783 0.03598238 -36893488147419103232.00
0 0.42097557 0.40653870 0.24830264 0.09815843 -36893488147419103232.00
0 0.43427768 0.40425390 0.52470428 0.32289168 -36893488147419103232.00
0 0.43134668 0.41091248 0.86838830 0.26756108 -36893488147419103232.00
0 0.43558577 0.42031237 0.98760813 0.68208051 -36893488147419103232.00
0 0.49602029 0.40869272 0.04911847 0.02724840 -36893488147419103232.00
0 0.51494569 0.41807711 0.43578523 0.09958294 -36893488147419103232.00
0 0.51313764 0.40753928 0.46473384 0.27519578 -36893488147419103232.00
0 0.49595597 0.40906411 0.91775042 0.22625101 -36893488147419103232.00
0 0.49309528 0.42349494 1.02384388 0.64077812 -36893488147419103232.00
0 0.58498794 0.41181567 0.09810380 0.03680576 -36893488147419103232.00
0 0.57267660 0.42244437 0.33489361 0.11159199 -36893488147419103232.00
0 0.57977736 0.40788886 0.43713984 0.27733886 -36893488147419103232.00
0 0.56643450 0.41130042 0.81251144 0.22567788 -36893488147419103232.00
0 0.56313217 0.42417836 0.97702813 0.67532915 -36893488147419103232.00
0 0.66153973 0.43161479 0.07223344 0.03391885 -36893488147419103232.00
0 0.65188611 0.43021038 0.33189425 0.09136682 -36893488147419103232.00
0 0.65199155 0.41325477 0.45785639 0.27823442 -36893488147419103232.00
0 0.65131080 0.41508824 0.71307081 0.19874230 -36893488147419103232.00
0 0.64376432 0.42956254 0.87524402 0.71076053 -36893488147419103232.00
0 0.70951492 0.42083707 0.12759969 0.04273684 -36893488147419103232.00
0 0.72109824 0.42435339 0.33009660 0.10215481 -36893488147419103232.00
0 0.74235177 0.41464034 0.43631527 0.32992420 -36893488147419103232.00
0 0.73095447 0.42024785 0.66865456 0.23040774 -36893488147419103232.00
0 0.72779548 0.42839012 0.84140790 0.73336059 -36893488147419103232.00
0 0.80577093 0.41328931 0.09758966 0.04975857 -36893488147419103232.00
0 0.81192666 0.41679451 0.27769166 0.10980725 -36893488147419103232.00
0 0.81270558 0.41018653 0.43219444 0.33729103 -36893488147419103232.00
0 0.79249662 0.41500366 0.57982564 0.24794498 -36893488147419103232.00
0 0.79371738 0.42406318 0.80444962 0.81736970 -36893488147419103232.00
0 0.86441547 0.41611698 0.07836095 0.05576758 -36893488147419103232.00
0 0.86813688 0.41047528 0.24587537 0.13419107 -36893488147419103232.00
0 0.87039673 0.41174617 0.30020854 0.42470050 -36893488147419103232.00
0 0.88010275 0.41883221 0.73936415 0.22921358 -36893488147419103232.00
0 0.87408561 0.42946318 0.91324151 0.84711736 -36893488147419103232.00
0 0.97653192 0.41551343 0.03257927 0.09090242 -36893488147419103232.00
0 0.95486784 0.41044292 0.11274231 0.17066982 -36893488147419103232.00
0 0.95275223 0.42424199 0.17390670 0.63509929 -36893488147419103232.00
0 0.96159691 0.42642158 0.89142871 0.22370560 -36893488147419103232.00
0 0.95661497 0.43050644 0.90538347 0.84764707 -36893488147419103232.00
0 0.03919825 0.49509099 0.04395490 0.07033573 -36893488147419103232.00
0 0.04944800 0.49174136 0.08607449 0.24059708 -36893488147419103232.00
0 0.06024554 0.49801376 0.13901046 0.70519310 -36893488147419103232.00
0 0.05012088 0.50478387 0.88765711 0.26469418 -36893488147419103232.00
0 0.04698842 0.50167006 0.98263282 0.93987954 -36893488147419103232.00
0 0.12143654 0.48601237 0.17240453 0.03060763 -36893488147419103232.00
0 0.13376963 0.48608220 0.26419145 0.06678955 -36893488147419103232.00
0 0.13262087 0.50114721 0.29206339 0.77949160 -36893488147419103232.00
0 0.12754105 0.49893370 0.83324921 0.19582525 -36893488147419103232.00
0 0.12415244 0.50478226 0.81647772 0.88173789 -36893488147419103232.00
0 0.18901199 0.49135524 0.11985939 0.02044450 -36893488147419103232.00
0 0.18556982 0.48411319 0.37985355 0.05982355 -36893488147419103232.00
0 0.18790451 0.49412245 0.45925376 0.70889765 -36893488147419103232.00
0 0.20328733 0.49165481 0.70944637 0.19045101 -36893488147419103232.00
0 0.20004101 0.50215602 0.67446661 0.85692292 -36893488147419103232.00
0 0.26124722 0.47799352 0.11094578 0.02395468 -36893488147419103232.00
0 0.25770727 0.49082768 0.47402200 0.06169816 -36893488147419103232.00
0 0.25607359 0.49959284 0.42999512 0.48987401 -36893488147419103232.00
0 0.26756305 0.49903357 0.69807279 0.18630975 -36893488147419103232.00
0 0.26867026 0.50129730 0.75935823 0.78817409 -36893488147419103232.00
0 0.34229749 0.48399824 0.09721686 0.02706593 -36893488147419103232.00
0 0.34216267 0.49288699 0.50026888 0.05298356 -36893488147419103232.00
0 0.34820911 0.50261563 0.46300378 0.51880515 -36893488147419103232.00
0 0.35922599 0.50505400 0.78077567 0.17723213 -36893488147419103232.00
0 0.36146110 0.50259537 0.81992626 0.75875461 -36893488147419103232.00
0 0.42085993 0.49657714 0.10617330 0.02963688 -36893488147419103232.00
0 0.42468435 0.50013560 0.46397868 0.05076703 -36893488147419103232.00
0 0.43446514 0.50393718 0.48059717 0.48964927 -36893488147419103232.00
0 0.43070897 0.50765723 0.86442363 0.16954058 -36893488147419103232.00
0 0.43752855 0.50755703 0.90723145 0.79245621 -36893488147419103232.00
0 0.50115484 0.50200593 0.14232050 0.02970222 -36893488147419103232.00
0 0.50911438 0.50101721 0.39154080 0.06023714 -36893488147419103232.00
0 0.50331903 0.50418985 0.44656953 0.42235759 -36893488147419103232.00
0 0.48946497 0.50628781 0.98354501 0.20219637 -36893488147419103232.00
0 0.49223608 0.50328285 0.94624138 0.79675353 -36893488147419103232.00
0 0.57980853 0.49571636 0.15948650 0.02402888 -36893488147419103232.00
0 0.58069950 0.48377398 0.46669048 0.05975396 -36893488147419103232.00
0 0.57452530 0.49420393 0.42473856 0.35480446 -36893488147419103232.00
0 0.56062537 0.49658161 0.91823703 0.17334566 -36893488147419103232.00
0 0.55698663 0.49850073 0.93252218 0.78922051 -36893488147419103232.00
0 0.65700579 0.47466281 0.21718365 0.02145490 -36893488147419103232.00
0 0.65996253 0.48194322 0.37631944 0.05086725 -36893488147419103232.00
0 0.65014172 0.49501723 0.43678987 0.37931141 -36893488147419103232.00
0 0.65134251 0.49495608 0.80125427 0.14884837 -36893488147419103232.00
0 0.64215881 0.50126565 0.85153764 0.82506639 -36893488147419103232.00
0 0.72707748 0.47347420 0.17035393 0.01625692 -36893488147419103232.00
0 0.73220885 0.47966373 0.43905041 0.05768299 -36893488147419103232.00
0 0.74366117 0.50164616 0.46789739 0.45304793 -36893488147419103232.00
0 0.72705817 0.50241107 0.79379267 0.16252001 -36893488147419103232.00
0 0.72527868 0.50311893 0.79546499 0.78319561 -36893488147419103232.00
0 0.80395895 0.47532710 0.18582788 0.02020453 -36893488147419103232.00
0 0.80726671 0.48251906 0.36560750 0.05658136 -36893488147419103232.00
0 0.80537599 0.49942225 0.44018382 0.63696301 -36893488147419103232.00
0 0.79247743 0.50539970 0.76228613 0.16193081 -36893488147419103232.00
0 0.79130316 0.50325960 0.69736159 0.82681751 -36893488147419103232.00
0 0.87982303 0.47873059 0.27024987 0.02128587 -36893488147419103232.00
0 0.87669402 0.48779881 0.26766297 0.05590924 -36893488147419103232.00
0 0.87453455 0.50133467 0.31511086 0.70971340 -36893488147419103232.00
0 0.87548000 0.50305331 0.90183479 0.18317369 -36893488147419103232.00
0 0.87280989 0.50462919 0.85092407 0.90088516 -36893488147419103232.00
0 0.96134877 0.48971847 0.05579473 0.04456532 -36893488147419103232.00
0 0.95138025 0.49228638 0.11278411 0.17560041 -36893488147419103232.00
0 0.94807249 0.50237668 0.16377878 0.75428903 -36893488147419103232.00
0 0.95983720 0.50313753 0.91783881 0.23785442 -36893488147419103232.00
0 0.95786554 0.50407273 0.90577012 0.89304775 -36893488147419103232.00
0 0.03093540 0.58069986 0.03442591 0.09416258 -36893488147419103232.00
0 0.04632412 0.58986658 0.07491744 0.31503999 -36893488147419103232.00
0 0.05843087 0.57615894 0.12949702 0.68483531 -36893488147419103232.00
0 0.04858797 0.58439988 0.86129504 0.33948678 -36893488147419103232.00
0 0.04733939 0.57920152 0.96071571 0.92479682 -36893488147419103232.00
0 0.11302262 0.58161765 0.08105580 0.04244197 -36893488147419103232.00
0 0.11828841 0.58633929 0.21735686 0.18558775 -36893488147419103232.00
0 0.12545986 0.57835358 0.23680159 0.69941634 -36893488147419103232.00
0 0.12577800 0.58019519 0.83937150 0.27536887 -36893488147419103232.00
0 0.12318390 0.57853454 0.88287544 0.86168098 -36893488147419103232.00
0 0.19060813 0.57942688 0.07112376 0.04280905 -36893488147419103232.00
0 0.18476322 0.58313394 0.31981221 0.12653700 -36893488147419103232.00
0 0.18105751 0.57065505 0.38853827 0.64844733 -36893488147419103232.00
0 0.19647031 0.57624340 0.72398651 0.25489733 -36893488147419103232.00
0 0.19525917 0.57335275 0.80139655 0.81290150 -36893488147419103232.00
0 0.26241118 0.57440150 0.08762426 0.03240445 -36893488147419103232.00
0 0.26199141 0.57448423 0.39747247 0.10206936 -36893488147419103232.00
0 0.25420418 0.56546277 0.40140834 0.49604961 -36893488147419103232.00
0 0.26620764 0.57896513 0.74910313 0.23203391 -36893488147419103232.00
0 0.26371893 0.56992042 0.88233858 0.79286349 -36893488147419103232.00
0 0.33827859 0.57091570 0.08094981 0.04128624 -36893488147419103232.00
0 0.34201631 0.57726926 0.35861021 0.09956157 -36893488147419103232.00
0 0.34328234 0.57100451 0.44447851 0.45761779 -36893488147419103232.00
0 0.35696739 0.57882732 0.78744632 0.23747818 -36893488147419103232.00
0 0.35868782 0.57410342 0.93395591 0.77546376 -36893488147419103232.00
0 0.41951188 0.57312608 0.06838614 0.03970641 -36893488147419103232.00
0 0.42933837 0.58141845 0.37288550 0.10035132 -36893488147419103232.00
0 0.43039733 0.58319646 0.44971663 0.45005542 -36893488147419103232.00
0 0.43754679 0.58470660 0.80908740 0.28060976 -36893488147419103232.00
0 0.44178870 0.57894957 0.94552451 0.72165990 -36893488147419103232.00
0 0.49794924 0.57867664 0.07221984 0.04076727 -36893488147419103232.00
0 0.50256026 0.58647156 0.30939808 0.11633121 -36893488147419103232.00
0 0.49654812 0.58851624 0.43887827 0.41266373 -36893488147419103232.00
0 0.49288133 0.58768058 0.92147148 0.32696930 -36893488147419103232.00
0 0.49398965 0.58001024 0.96966201 0.71901637 -36893488147419103232.00
0 0.57442397 0.57215595 0.08599553 0.03286476 -36893488147419103232.00
0 0.58011705 0.58001631 0.31474820 0.10386887 -36893488147419103232.00
0 0.56969261 0.58317393 0.42337894 0.39434376 -36893488147419103232.00
0 0.56072092 0.58825415 0.86617780 0.28576744 -36893488147419103232.00
0 0.55608207 0.57763511 0.93706894 0.71989679 -36893488147419103232.00
0 0.65224630 0.57912540 0.06569242 0.03859201 -36893488147419103232.00
0 0.65936202 0.57168663 0.22039770 0.14489740 -36893488147419103232.00
0 0.65349197 0.58338279 0.40437117 0.42017016 -36893488147419103232.00
0 0.65194601 0.58325523 0.81370515 0.28703970 -36893488147419103232.00
0 0.64031458 0.57520294 0.89840281 0.78704536 -36893488147419103232.00
0 0.73104548 0.57206219 0.09681553 0.03199334 -36893488147419103232.00
0 0.73707098 0.57344097 0.31406870 0.15000436 -36893488147419103232.00
0 0.74364406 0.57862300 0.43929538 0.44042629 -36893488147419103232.00
0 0.73384494 0.58265615 0.64860803 0.24356484 -36893488147419103232.00
0 0.72707438 0.57756788 0.74427855 0.82327014 -36893488147419103232.00
0 0.81252056 0.57253116 0.10244662 0.03892908 -36893488147419103232.00
0 0.82001048 0.58516186 0.27857065 0.16382310 -36893488147419103232.00
0 0.81357169 0.57863039 0.42246044 0.53303498 -36893488147419103232.00
0 0.80170691 0.58162117 0.65551859 0.25447217 -36893488147419103232.00
0 0.79725420 0.57867885 0.68999457 0.84202081 -36893488147419103232.00
0 0.87641567 0.59167582 0.09514457 0.04841100 -36893488147419103232.00
0 0.87712997 0.59030503 0.21101062 0.19281997 -36893488147419103232.00
0 0.87442577 0.57684392 0.26904908 0.59741330 -36893488147419103232.00
0 0.87791997 0.58133721 0.77716100 0.25933948 -36893488147419103232.00
0 0.87487769 0.57956392 0.84843171 0.90745109 -36893488147419103232.00
0 0.97042841 0.57835847 0.02954470 0.09835309 -36893488147419103232.00
0 0.94862998 0.58471900 0.08518069 0.31168306 -36893488147419103232.00
0 0.94238722 0.57545769 0.15345740 0.69852579 -36893488147419103232.00
0 0.95632112 0.57894516 0.83557278 0.31311417 -36893488147419103232.00
0 0.95388228 0.57804257 0.88869554 0.92584598 -36893488147419103232.00
0 0.04175195 0.68150038 0.04414263 0.03595519 -36893488147419103232.00
0 0.05162149 0.66590905 0.09895552 0.21623597 -36893488147419103232.00
0 0.05544924 0.65464401 0.17192811 0.63844049 -36893488147419103232.00
0 0.04813413 0.66144103 0.85474235 0.37752002 -36893488147419103232.00
0 0.04541419 0.65421772 0.93497103 0.81306297 -36893488147419103232.00
0 0.12349253 0.67591691 0.05335461 0.03551180 -36893488147419103232.00
0 0.12510659 0.66650927 0.15966627 0.17317697 -36893488147419103232.00
0 0.12664619 0.65298736 0.29881686 0.56458485 -36893488147419103232.00
0 0.12427431 0.65724820 0.76554388 0.37744001 -36893488147419103232.00
0 0.12292510 0.64918578 0.81820244 0.76898003 -36893488147419103232.00
0 0.17218992 0.66382879 0.05777800 0.03882303 -36893488147419103232.00
0 0.17317075 0.66322500 0.18892746 0.12163982 -36893488147419103232.00
0 0.18476713 0.65226322 0.37570900 0.48373345 -36893488147419103232.00
0 0.19297600 0.65899152 0.76432127 0.34848148 -36893488147419103232.00
0 0.19390173 0.65193230 0.85324246 0.70878911 -36893488147419103232.00
0 0.26260838 0.66030866 0.03527638 0.03320363 -36893488147419103232.00
0 0.26431626 0.65477836 0.26530987 0.14332087 -36893488147419103232.00
0 0.25897777 0.65394229 0.40741843 0.41866249 -36893488147419103232.00
0 0.27086696 0.66080594 0.81142575 0.36311668 -36893488147419103232.00
0 0.27040440 0.65801877 0.94609189 0.70328319 -36893488147419103232.00
0 0.34429589 0.66120803 0.03045754 0.04135762 -36893488147419103232.00
0 0.34190825 0.64712203 0.24734887 0.17183232 -36893488147419103232.00
0 0.34657753 0.65016586 0.41976401 0.39804965 -36893488147419103232.00
0 0.35427183 0.65178895 0.81718189 0.33944127 -36893488147419103232.00
0 0.36067730 0.65662968 0.98768264 0.68840390 -36893488147419103232.00
0 0.43511099 0.67596906 0.03457994 0.03508837 -36893488147419103232.00
0 0.43013942 0.66507930 0.29752588 0.15117849 -36893488147419103232.00
0 0.43110108 0.65659076 0.42362538 0.37032333 -36893488147419103232.00
0 0.43556911 0.65673494 0.85934091 0.36531091 -36893488147419103232.00
0 0.43908483 0.65586740 1.04573596 0.65330666 -36893488147419103232.00
0 0.50022250 0.67836112 0.05688201 0.03710082 -36893488147419103232.00
0 0.49403125 0.66797405 0.26146963 0.13851680 -36893488147419103232.00
0 0.49740782 0.65208137 0.43540862 0.37116596 -36893488147419103232.00
0 0.49771145 0.65909779 0.93453526 0.35731414 -36893488147419103232.00
0 0.49340975 0.65194005 1.04491556 0.63042372 -36893488147419103232.00
0 0.57674235 0.67680800 0.05087287 0.02255835 -36893488147419103232.00
0 0.57746035 0.65803015 0.33361289 0.12585157 -36893488147419103232.00
0 0.57252973 0.65591359 0.48722813 0.40161332 -36893488147419103232.00
0 0.56310350 0.66326600 0.86183363 0.33958283 -36893488147419103232.00
0 0.55714959 0.65309376 0.98613721 0.57753223 -36893488147419103232.00
0 0.66394597 0.65885723 0.03775309 0.01687108 -36893488147419103232.00
0 0.65377778 0.65802974 0.17854166 0.17796685 -36893488147419103232.00
0 0.65747350 0.66574782 0.45508868 0.43412736 -36893488147419103232.00
0 0.65158427 0.66349494 0.79849184 0.37255073 -36893488147419103232.00
0 0.64044690 0.65948576 0.80275208 0.66259605 -36893488147419103232.00
0 0.72852463 0.66324258 0.04755132 0.02659400 -36893488147419103232.00
0 0.72811824 0.65746486 0.23383270 0.15219602 -36893488147419103232.00
0 0.73952347 0.65653437 0.49463522 0.46432275 -36893488147419103232.00
0 0.73167151 0.66278011 0.62229115 0.33832577 -36893488147419103232.00
0 0.72566932 0.65304136 0.73376191 0.70505446 -36893488147419103232.00
0 0.82341874 0.67470574 0.03898077 0.02690783 -36893488147419103232.00
0 0.81514430 0.65862769 0.21706027 0.17333516 -36893488147419103232.00
0 0.81104594 0.65598923 0.42323369 0.48748776 -36893488147419103232.00
0 0.80260766 0.65913254 0.62829721 0.33597082 -36893488147419103232.00
0 0.79831910 0.65088260 0.69369566 0.74503607 -36893488147419103232.00
0 0.86825758 0.65695953 0.06697141 0.04748580 -36893488147419103232.00
0 0.87359595 0.65433776 0.16319247 0.19266459 -36893488147419103232.00
0 0.87653518 0.64939243 0.28126338 0.55307329 -36893488147419103232.00
0 0.88305926 0.65971297 0.72795266 0.34131253 -36893488147419103232.00
0 0.87608355 0.64892036 0.85081619 0.81763124 -36893488147419103232.00
0 0.97007585 0.66829479 0.02855606 0.07423722 -36893488147419103232.00
0 0.94585341 0.65491742 0.08340009 0.28312021 -36893488147419103232.00
0 0.94337004 0.64829934 0.16656332 0.66256696 -36893488147419103232.00
0 0.96518224 0.65913796 0.84757394 0.36285734 -36893488147419103232.00
0 0.96074635 0.65261126 0.88192415 0.88324034 -36893488147419103232.00
0 0.03899030 0.74453503 0.03275466 0.03323542 -36893488147419103232.00
0 0.04578933 0.73625576 0.09836861 0.18228136 -36893488147419103232.00
0 0.04698041 0.72830409 0.17136298 0.54053771 -36893488147419103232.00
0 0.03686315 0.73813081 0.84869796 0.29810512 -36893488147419103232.00
0 0.03672329 0.73178464 1.01647532 0.77827144 -36893488147419103232.00
0 0.11456110 0.74777466 0.02762375 0.04052456 -36893488147419103232.00
0 0.12419917 0.73648989 0.16153473 0.16001178 -36893488147419103232.00
0 0.12062255 0.72536045 0.28142741 0.44713545 -36893488147419103232.00
0 0.11133904 0.73978215 0.79236472 0.28828731 -36893488147419103232.00
0 0.11509771 0.72526020 0.93228555 0.73669660 -36893488147419103232.00
0 0.19277523 0.75095397 0.03636494 0.03899146 -36893488147419103232.00
0 0.19429316 0.74138957 0.17248617 0.16182609 -36893488147419103232.00
0 0.18648002 0.72415996 0.33550665 0.40490255 -36893488147419103232.00
0 0.18793204 0.73904508 0.83324730 0.32297254 -36893488147419103232.00
0 0.19033794 0.72561741 1.01390183 0.68936461 -36893488147419103232.00
0 0.26089269 0.75812942 0.03781074 0.03552703 -36893488147419103232.00
0 0.25148520 0.75465083 0.18453962 0.12769875 -36893488147419103232.00
0 0.25720325 0.73009443 0.35570839 0.40189460 -36893488147419103232.00
0 0.27270842 0.74524295 0.89970571 0.27636889 -36893488147419103232.00
0 0.27493605 0.73440611 1.02596843 0.70734346 -36893488147419103232.00
0 0.32772747 0.76476240 0.03388647 0.03759568 -36893488147419103232.00
0 0.34005249 0.76318163 0.16648422 0.13581070 -36893488147419103232.00
0 0.34485695 0.72576356 0.43450487 0.36453873 -36893488147419103232.00
0 0.35405070 0.74447209 0.89194423 0.34472591 -36893488147419103232.00
0 0.35671622 0.73712838 1.04783046 0.66794610 -36893488147419103232.00
0 0.43070912 0.74540991 0.03379527 0.04289172 -36893488147419103232.00
0 0.43145791 0.74469066 0.18825457 0.13755153 -36893488147419103232.00
0 0.43173561 0.73996139 0.43467429 0.35060892 -36893488147419103232.00
0 0.43885538 0.75556576 0.91076684 0.37143841 -36893488147419103232.00
0 0.44005868 0.73463845 1.01988125 0.59414005 -36893488147419103232.00
0 0.49829540 0.72170877 0.04225620 0.03702091 -36893488147419103232.00
0 0.49124810 0.74884367 0.17861776 0.16503054 -36893488147419103232.00
0 0.50281602 0.73529553 0.41566762 0.34558243 -36893488147419103232.00
0 0.50222409 0.75140572 0.86728555 0.38689068 -36893488147419103232.00
0 0.49376750 0.72801363 1.04162467 0.58074164 -36893488147419103232.00
0 0.58042753 0.74503928 0.03308758 0.04958482 -36893488147419103232.00
0 0.57380790 0.74617404 0.22884008 0.14342804 -36893488147419103232.00
0 0.57179451 0.74083024 0.44433773 0.37565684 -36893488147419103232.00
0 0.56418335 0.75370461 0.81379247 0.35563943 -36893488147419103232.00
0 0.55489653 0.73179412 0.94566047 0.53432530 -36893488147419103232.00
0 0.65413624 0.74468529 0.03085797 0.04464514 -36893488147419103232.00
0 0.65614796 0.74196273 0.17318603 0.17380582 -36893488147419103232.00
0 0.65542585 0.73788601 0.41081300 0.40339878 -36893488147419103232.00
0 0.64508557 0.74909109 0.74086022 0.37919250 -36893488147419103232.00
0 0.63165307 0.72502655 0.79177701 0.53576374 -36893488147419103232.00
0 0.73485225 0.75760669 0.02084749 0.03647071 -36893488147419103232.00
0 0.73797011 0.74405193 0.20514809 0.13659707 -36893488147419103232.00
0 0.74217504 0.73988020 0.40826297 0.46537080 -36893488147419103232.00
0 0.72315335 0.75029349 0.61831975 0.36161250 -36893488147419103232.00
0 0.71671373 0.72393048 0.68874973 0.61588341 -36893488147419103232.00
0 0.80539650 0.75786668 0.03127503 0.03870631 -36893488147419103232.00
0 0.81866068 0.74799401 0.17252292 0.12674540 -36893488147419103232.00
0 0.81445134 0.73689979 0.37105060 0.49896312 -36893488147419103232.00
0 0.80263048 0.74566185 0.58914590 0.34568220 -36893488147419103232.00
0 0.79929805 0.72178710 0.70072997 0.70052528 -36893488147419103232.00
0 0.88723034 0.75679672 0.04215581 0.04317837 -36893488147419103232.00
0 0.87925696 0.74966449 0.17834519 0.14323783 -36893488147419103232.00
0 0.87631780 0.73012400 0.27170169 0.48833722 -36893488147419103232.00
0 0.88792634 0.74003547 0.64931691 0.34210163 -36893488147419103232.00
0 0.88248152 0.72513086 0.80719703 0.77527839 -36893488147419103232.00
0 0.95009857 0.74824452 0.03311153 0.04085747 -36893488147419103232.00
0 0.94479120 0.74544746 0.10153260 0.19377768 -36893488147419103232.00
0 0.94534129 0.72998804 0.20953365 0.57397175 -36893488147419103232.00
0 0.96592832 0.74055177 0.72808903 0.35378048 -36893488147419103232.00
0 0.96505392 0.72575778 0.81465745 0.85742575 -36893488147419103232.00
0 0.03717101 0.80746031 0.03750287 0.03948765 -36893488147419103232.00
0 0.04992466 0.81346023 0.13291077 0.13554029 -36893488147419103232.00
0 0.04797516 0.81172705 0.18033336 0.46024597 -36893488147419103232.00
0 0.03841543 0.81460559 0.89436311 0.19100794 -36893488147419103232.00
0 0.03785894 0.81149954 1.10866964 0.80032909 -36893488147419103232.00
0 0.11233500 0.80980265 0.04495529 0.03103572 -36893488147419103232.00
0 0.11737607 0.82500339 0.17235932 0.10504425 -36893488147419103232.00
0 0.11739319 0.81115448 0.29603162 0.36081699 -36893488147419103232.00
0 0.11399405 0.81582385 0.83576250 0.18207459 -36893488147419103232.00
0 0.11420093 0.81165779 1.11342287 0.76404673 -36893488147419103232.00
0 0.19592026 0.81679642 0.04217964 0.04031930 -36893488147419103232.00
0 0.19256787 0.82057530 0.17771448 0.11723284 -36893488147419103232.00
0 0.18985373 0.81181675 0.34650248 0.34972444 -36893488147419103232.00
0 0.19103634 0.81812525 0.83051658 0.20465244 -36893488147419103232.00
0 0.19092415 0.81257254 1.09461951 0.68641812 -36893488147419103232.00
0 0.26910061 0.80393916 0.04488120 0.04889881 -36893488147419103232.00
0 0.27740723 0.82059622 0.15942545 0.14773035 -36893488147419103232.00
0 0.26281172 0.81636852 0.34653124 0.34754428 -36893488147419103232.00
0 0.27301008 0.81705838 0.88483828 0.23928355 -36893488147419103232.00
0 0.27251211 0.81218165 1.08857965 0.66110873 -36893488147419103232.00
0 0.32160306 0.80595046 0.06711087 0.11958600 -36893488147419103232.00
0 0.32037997 0.82065099 0.08774344 0.16664727 -36893488147419103232.00
0 0.34399959 0.80755639 0.39417627 0.34774774 -36893488147419103232.00
0 0.35625246 0.81238008 0.81461233 0.25886983 -36893488147419103232.00
0 0.35905281 0.80989122 0.97998190 0.64998400 -36893488147419103232.00
0 0.41606498 0.80633432 0.04331528 0.04104189 -36893488147419103232.00
0 0.42178881 0.80611056 0.25493148 0.18337004 -36893488147419103232.00
0 0.43766981 0.81965554 0.42650628 0.31083640 -36893488147419103232.00
0 0.44452518 0.82975751 0.77157485 0.29783776 -36893488147419103232.00
0 0.44454190 0.80786186 0.95079708 0.57705718 -36893488147419103232.00
0 0.50230819 0.80146629 0.04702783 0.05170359 -36893488147419103232.00
0 0.50189745 0.80357957 0.25425056 0.18779469 -36893488147419103232.00
0 0.50897622 0.80900651 0.38287041 0.30311912 -36893488147419103232.00
0 0.50453055 0.81754851 0.78480220 0.29668975 -36893488147419103232.00
0 0.50400943 0.80335414 1.00159979 0.57015651 -36893488147419103232.00
0 0.58318758 0.80039072 0.03137308 0.04079147 -36893488147419103232.00
0 0.56946307 0.80728072 0.29485518 0.15732779 -36893488147419103232.00
0 0.57363504 0.80397141 0.45561442 0.30775487 -36893488147419103232.00
0 0.56569505 0.81907111 0.69306386 0.26773998 -36893488147419103232.00
0 0.55671191 0.79941231 0.98215985 0.53179389 -36893488147419103232.00
0 0.65620625 0.81316930 0.03252200 0.03522647 -36893488147419103232.00
0 0.65727419 0.81249964 0.22859466 0.14214772 -36893488147419103232.00
0 0.64994186 0.80570555 0.44200349 0.32053438 -36893488147419103232.00
0 0.63757944 0.81512225 0.64141262 0.28664485 -36893488147419103232.00
0 0.62965471 0.80601132 0.80717224 0.55733216 -36893488147419103232.00
0 0.72422469 0.79324400 0.02595697 0.03931943 -36893488147419103232.00
0 0.72839570 0.81331688 0.21608731 0.13475910 -36893488147419103232.00
0 0.73435801 0.80991089 0.37803736 0.35200796 -36893488147419103232.00
0 0.72036487 0.81735337 0.61424261 0.24774262 -36893488147419103232.00
0 0.71395934 0.80757326 0.78154945 0.61478019 -36893488147419103232.00
0 0.81050825 0.78535759 0.02650600 0.02861740 -36893488147419103232.00
0 0.81253225 0.81528652 0.22134781 0.14429446 -36893488147419103232.00
0 0.81318402 0.81253588 0.37983838 0.37906125 -36893488147419103232.00
0 0.80531937 0.82054508 0.54305911 0.25571829 -36893488147419103232.00
0 0.80013496 0.80717927 0.74902397 0.71274102 -36893488147419103232.00
0 0.88756019 0.79521984 0.03902666 0.04542657 -36893488147419103232.00
0 0.89121360 0.82224494 0.18146658 0.15163861 -36893488147419103232.00
0 0.87949729 0.81225264 0.30543247 0.37131336 -36893488147419103232.00
0 0.88610893 0.81767005 0.61247480 0.25884697 -36893488147419103232.00
0 0.88131106 0.80864698 0.83797282 0.75566077 -36893488147419103232.00
0 0.95401049 0.81592989 0.03484214 0.04759912 -36893488147419103232.00
0 0.93422449 0.82177031 0.13100079 0.16555621 -36893488147419103232.00
0 0.94421059 0.81341606 0.23091568 0.43467125 -36893488147419103232.00
0 0.96109688 0.82031971 0.70856929 0.23086770 -36893488147419103232.00
0 0.95866853 0.81140953 0.88166243 0.77066660 -36893488147419103232.00
0 0.02658098 0.86594367 0.03204960 0.04958189 -36893488147419103232.00
0 0.05739553 0.88051552 0.12051966 0.14400801 -36893488147419103232.00
0 0.05319779 0.87995362 0.17541482 0.40321901 -36893488147419103232.00
0 0.04060843 0.88757479 0.92335504 0.20588788 -36893488147419103232.00
0 0.03897472 0.88769954 1.10973930 0.77558053 -36893488147419103232.00
0 0.12190507 0.86775315 0.05726168 0.04940495 -36893488147419103232.00
0 0.11985570 0.88925183 0.19022362 0.10915696 -36893488147419103232.00
0 0.12706280 0.87648857 0.28418437 0.30267060 -36893488147419103232.00
0 0.11637349 0.88483882 0.80253690 0.19871068 -36893488147419103232.00
0 0.11121295 0.88417274 1.03169799 0.79673254 -36893488147419103232.00
0 0.19142778 0.86360282 0.05961563 0.03486268 -36893488147419103232.00
0 0.20256990 0.89206672 0.22275129 0.12517257 -36893488147419103232.00
0 0.20127825 0.87485707 0.32671005 0.27525434 -36893488147419103232.00
0 0.19702657 0.88799173 0.82216352 0.21308289 -36893488147419103232.00
0 0.18886684 0.88097316 1.10872078 0.74206853 -36893488147419103232.00
0 0.27608356 0.87993324 0.06206823 0.03398781 -36893488147419103232.00
0 0.26924416 0.88907355 0.23821586 0.14070129 -36893488147419103232.00
0 0.26318496 0.87425280 0.36762008 0.24931175 -36893488147419103232.00
0 0.28521281 0.88904274 0.86422282 0.24250674 -36893488147419103232.00
0 0.27860242 0.88058609 1.13421476 0.67437226 -36893488147419103232.00
0 0.33352956 0.88330775 0.06421579 0.04164911 -36893488147419103232.00
0 0.32782292 0.87806255 0.15588717 0.12905695 -36893488147419103232.00
0 0.35452631 0.86647087 0.41620660 0.25944495 -36893488147419103232.00
0 0.36564392 0.88040274 0.92713660 0.24043192 -36893488147419103232.00
0 0.36303604 0.87814039 1.09471619 0.57808208 -36893488147419103232.00
0 0.41288906 0.87819463 0.04104934 0.04853112 -36893488147419103232.00
0 0.42728016 0.88561434 0.43476525 0.12595023 -36893488147419103232.00
0 0.43596393 0.85937238 0.40342936 0.25591937 -36893488147419103232.00
0 0.43864596 0.87054628 0.96893352 0.23449396 -36893488147419103232.00
0 0.43911090 0.87227839 1.19931066 0.53861487 -36893488147419103232.00
0 0.50508451 0.88447779 0.07868887 0.04520773 -36893488147419103232.00
0 0.49427772 0.87986845 0.35281765 0.10429008 -36893488147419103232.00
0 0.50328350 0.85302299 0.39463633 0.27607444 -36893488147419103232.00
0 0.50330335 0.86604941 0.91060233 0.24381661 -36893488147419103232.00
0 0.50559795 0.86875182 1.16224480 0.51100546 -36893488147419103232.00
0 0.59043199 0.88016886 0.04682153 0.07116634 -36893488147419103232.00
0 0.57043219 0.87971932 0.32643923 0.11925600 -36893488147419103232.00
0 0.57267576 0.85236824 0.42153957 0.27546045 -36893488147419103232.00
0 0.56431979 0.86382824 0.85841507 0.21495552 -36893488147419103232.00
0 0.55480289 0.86789405 1.10202765 0.49727783 -36893488147419103232.00
0 0.66556853 0.86635727 0.06486094 0.05899234 -36893488147419103232.00
0 0.65502930 0.87207115 0.20410062 0.11827864 -36893488147419103232.00
0 0.65189993 0.85967469 0.41139555 0.28137770 -36893488147419103232.00
0 0.63549072 0.86422676 0.75049073 0.22281836 -36893488147419103232.00
0 0.62925863 0.87290627 0.93670171 0.54589045 -36893488147419103232.00
0 0.71781391 0.86263281 0.03862127 0.05755475 -36893488147419103232.00
0 0.73400956 0.87153584 0.27813992 0.16752882 -36893488147419103232.00
0 0.74152750 0.86312759 0.39494908 0.24334617 -36893488147419103232.00
0 0.72145677 0.87177318 0.63280088 0.21563852 -36893488147419103232.00
0 0.71424460 0.87394536 0.87800324 0.57482833 -36893488147419103232.00
0 0.82238394 0.86581385 0.04145088 0.04494505 -36893488147419103232.00
0 0.81622523 0.87142211 0.28469309 0.20736441 -36893488147419103232.00
0 0.81846577 0.86825478 0.37928629 0.26011121 -36893488147419103232.00
0 0.79991674 0.87315631 0.57602715 0.22833915 -36893488147419103232.00
0 0.79633349 0.87468612 0.77605605 0.64246786 -36893488147419103232.00
0 0.90579808 0.87649691 0.05290936 0.04779524 -36893488147419103232.00
0 0.89695114 0.87621677 0.21324512 0.16268408 -36893488147419103232.00
0 0.88263649 0.86449057 0.33368599 0.27104682 -36893488147419103232.00
0 0.88211620 0.87169927 0.65816069 0.20639786 -36893488147419103232.00
0 0.87808377 0.88021094 0.93308794 0.73165154 -36893488147419103232.00
0 0.94521374 0.86825043 0.06208533 0.06392314 -36893488147419103232.00
0 0.94216770 0.87929469 0.12278990 0.15104505 -36893488147419103232.00
0 0.94764179 0.87775624 0.26095986 0.39200270 -36893488147419103232.00
0 0.95949626 0.88778025 0.77058345 0.22635694 -36893488147419103232.00
0 0.95368016 0.88915837 0.97166330 0.77132660 -36893488147419103232.00
0 0.04764606 0.97379661 0.09302805 0.04069389 -36893488147419103232.00
0 0.05615731 0.95142835 0.16928521 0.09541006 -36893488147419103232.00
0 0.04784281 0.95693678 0.21602373 0.46092469 -36893488147419103232.00
0 0.04315120 0.95553917 0.99675703 0.14587347 -36893488147419103232.00
0 0.03723560 0.96054673 1.04978299 0.79018271 -36893488147419103232.00
0 0.11918164 0.97236800 0.13448825 0.02706389 -36893488147419103232.00
0 0.11526538 0.94840604 0.29049376 0.07119907 -36893488147419103232.00
0 0.12530959 0.95808405 0.30810884 0.31446162 -36893488147419103232.00
0 0.11533085 0.95427758 0.91615319 0.11404044 -36893488147419103232.00
0 0.11032919 0.95688117 1.01915419 0.76848781 -36893488147419103232.00
0 0.19486806 0.96423936 0.11937439 0.02934572 -36893488147419103232.00
0 0.19815496 0.94248974 0.32597333 0.06812319 -36893488147419103232.00
0 0.19457950 0.95546716 0.33570310 0.29617137 -36893488147419103232.00
0 0.19429608 0.95207483 0.83649695 0.10388420 -36893488147419103232.00
0 0.19157861 0.95712572 1.06829631 0.79991174 -36893488147419103232.00
0 0.25293130 0.97514701 0.15453155 0.02055761 -36893488147419103232.00
0 0.26303095 0.94891542 0.38210776 0.05425373 -36893488147419103232.00
0 0.26751658 0.95609587 0.36971572 0.25967097 -36893488147419103232.00
0 0.27353427 0.95196539 0.99245375 0.09600066 -36893488147419103232.00
0 0.27163658 0.95707661 1.22725177 0.72508162 -36893488147419103232.00
0 0.34248129 0.95432210 0.13636754 0.03102715 -36893488147419103232.00
0 0.34507272 0.95085514 0.37274310 0.05730733 -36893488147419103232.00
0 0.35150677 0.96629548 0.38238081 0.28891563 -36893488147419103232.00
0 0.35502186 0.95264000 1.01159346 0.09162632 -36893488147419103232.00
0 0.35833052 0.96191657 1.15672541 0.67801714 -36893488147419103232.00
0 0.41290864 0.96307296 0.16669917 0.02078783 -36893488147419103232.00
0 0.42612016 0.95923662 0.62516648 0.05559848 -36893488147419103232.00
0 0.42966649 0.96896595 0.41723865 0.27875590 -36893488147419103232.00
0 0.43374446 0.95147461 1.02327633 0.09938949 -36893488147419103232.00
0 0.43285218 0.96689516 1.16682315 0.67641932 -36893488147419103232.00
0 0.49832252 0.95918542 0.19898033 0.02020016 -36893488147419103232.00
0 0.49634379 0.96511066 0.60675007 0.05218010 -36893488147419103232.00
0 0.49919632 0.96885049 0.40317687 0.30050346 -36893488147419103232.00
0 0.49709836 0.95505852 1.03075159 0.09501214 -36893488147419103232.00
0 0.49502829 0.96862102 1.13062525 0.66573834 -36893488147419103232.00
0 0.57943088 0.96291298 0.20380880 0.02144557 -36893488147419103232.00
0 0.57865125 0.96845257 0.45986822 0.05461578 -36893488147419103232.00
0 0.57941228 0.97142011 0.42873129 0.34482142 -36893488147419103232.00
0 0.56974036 0.96189326 1.04071522 0.09706041 -36893488147419103232.00
0 0.56209308 0.97073209 1.08548784 0.67414874 -36893488147419103232.00
0 0.65116429 0.97974885 0.13384295 0.02444107 -36893488147419103232.00
0 0.65075451 0.97031569 0.35960746 0.05677227 -36893488147419103232.00
0 0.65815699 0.97418123 0.39822885 0.38432616 -36893488147419103232.00
0 0.64092296 0.95815730 0.94425184 0.09651458 -36893488147419103232.00
0 0.63904518 0.97132474 0.98618668 0.70075279 -36893488147419103232.00
0 0.73561120 0.99200654 0.16447756 0.01731757 -36893488147419103232.00
0 0.73077130 0.97115922 0.45102385 0.05320490 -36893488147419103232.00
0 0.74060512 0.96423429 0.40519911 0.33653533 -36893488147419103232.00
0 0.72079778 0.95660979 0.83319324 0.10124177 -36893488147419103232.00
0 0.71946692 0.96657979 0.93947685 0.70606148 -36893488147419103232.00
0 0.79030973 0.98734641 0.15278751 0.01747237 -36893488147419103232.00
0 0.80700934 0.96373063 0.43056762 0.05846360 -36893488147419103232.00
0 0.81185138 0.95537335 0.39557436 0.35504699 -36893488147419103232.00
0 0.80052137 0.95068085 0.80900854 0.10889209 -36893488147419103232.00
0 0.79862529 0.96490806 0.91164190 0.72056967 -36893488147419103232.00
0 0.88239646 0.96357858 0.10773108 0.03768016 -36893488147419103232.00
0 0.88936907 0.95102865 0.23304611 0.07072029 -36893488147419103232.00
0 0.88594609 0.95418000 0.32179186 0.42050782 -36893488147419103232.00
0 0.88316584 0.95004386 0.82879293 0.11638547 -36893488147419103232.00
0 0.88215870 0.96697527 0.94274777 0.81829572 -36893488147419103232.00
0 0.95904708 0.96907949 0.06500798 0.05477929 -36893488147419103232.00
0 0.94618136 0.94462252 0.14006566 0.09750228 -36893488147419103232.00
0 0.95054203 0.95652628 0.23859578 0.53608841 -36893488147419103232.00
0 0.96000838 0.95402634 0.92709398 0.15056802 -36893488147419103232.00
0 0.95708388 0.96408772 0.93005687 0.78459096 -36893488147419103232.00
